#rhoc           M              M_0            R              k_love         
8.162102e-04   1.000000e+00   1.073821e+00   8.101048e+00   1.517040e-01   
8.346056e-04   1.035037e+00   1.114288e+00   8.137861e+00   1.490825e-01   
8.530010e-04   1.068893e+00   1.153594e+00   8.168770e+00   1.466812e-01   
8.713965e-04   1.101629e+00   1.191779e+00   8.198716e+00   1.440636e-01   
8.897919e-04   1.133302e+00   1.228892e+00   8.227805e+00   1.412540e-01   
9.081873e-04   1.163962e+00   1.264993e+00   8.251003e+00   1.387096e-01   
9.265827e-04   1.193653e+00   1.300115e+00   8.273450e+00   1.360137e-01   
9.449781e-04   1.222418e+00   1.334282e+00   8.295249e+00   1.331893e-01   
9.633735e-04   1.250294e+00   1.367547e+00   8.311206e+00   1.306728e-01   
9.817689e-04   1.277316e+00   1.399932e+00   8.326676e+00   1.280519e-01   
1.000164e-03   1.303516e+00   1.431458e+00   8.341289e+00   1.253783e-01   
1.018560e-03   1.328924e+00   1.462152e+00   8.355401e+00   1.226454e-01   
1.036955e-03   1.353568e+00   1.492060e+00   8.364100e+00   1.202242e-01   
1.055351e-03   1.377474e+00   1.521185e+00   8.372532e+00   1.177466e-01   
1.073746e-03   1.400668e+00   1.549536e+00   8.385014e+00   1.149327e-01   
1.092141e-03   1.423173e+00   1.577178e+00   8.387051e+00   1.127879e-01   
1.110537e-03   1.445010e+00   1.604091e+00   8.393456e+00   1.103073e-01   
1.128932e-03   1.466201e+00   1.630296e+00   8.400063e+00   1.077897e-01   
1.147328e-03   1.486765e+00   1.655834e+00   8.400672e+00   1.056353e-01   
1.165723e-03   1.506723e+00   1.680708e+00   8.401308e+00   1.034589e-01   
1.184118e-03   1.526092e+00   1.704934e+00   8.401624e+00   1.012901e-01   
1.202514e-03   1.544889e+00   1.728532e+00   8.401503e+00   9.914224e-02   
1.220909e-03   1.563132e+00   1.751510e+00   8.401020e+00   9.701580e-02   
1.239305e-03   1.580836e+00   1.773883e+00   8.400390e+00   9.490327e-02   
1.257700e-03   1.598018e+00   1.795678e+00   8.394828e+00   9.307368e-02   
1.276096e-03   1.614692e+00   1.816887e+00   8.393235e+00   9.103278e-02   
1.294491e-03   1.630872e+00   1.837555e+00   8.387181e+00   8.924516e-02   
1.312886e-03   1.646572e+00   1.857655e+00   8.385299e+00   8.725120e-02   
1.331282e-03   1.661806e+00   1.877235e+00   8.378369e+00   8.553680e-02   
1.349677e-03   1.676587e+00   1.896296e+00   8.371434e+00   8.383735e-02   
1.368073e-03   1.690927e+00   1.914845e+00   8.364345e+00   8.216273e-02   
1.386468e-03   1.704838e+00   1.932894e+00   8.357021e+00   8.051854e-02   
1.404863e-03   1.718333e+00   1.950457e+00   8.349442e+00   7.890693e-02   
1.423259e-03   1.731422e+00   1.967547e+00   8.341631e+00   7.732778e-02   
1.441654e-03   1.744116e+00   1.984155e+00   8.333676e+00   7.577778e-02   
1.460050e-03   1.756426e+00   2.000312e+00   8.325650e+00   7.425451e-02   
1.478445e-03   1.768363e+00   2.016035e+00   8.317705e+00   7.275211e-02   
1.496840e-03   1.779936e+00   2.031334e+00   8.304637e+00   7.149474e-02   
1.515236e-03   1.791156e+00   2.046181e+00   8.295969e+00   7.007003e-02   
1.533631e-03   1.802031e+00   2.060621e+00   8.287694e+00   6.865447e-02   
1.552027e-03   1.812571e+00   2.074672e+00   8.274108e+00   6.748112e-02   
1.570422e-03   1.822785e+00   2.088295e+00   8.265382e+00   6.613275e-02   
1.588818e-03   1.832682e+00   2.101564e+00   8.251796e+00   6.500134e-02   
1.607213e-03   1.842269e+00   2.114426e+00   8.242855e+00   6.371054e-02   
1.625608e-03   1.850851e+00   2.125994e+00   8.229454e+00   6.273761e-02   
1.644004e-03   1.857869e+00   2.135460e+00   8.221148e+00   6.181817e-02   
1.662399e-03   1.864620e+00   2.144571e+00   8.213029e+00   6.091549e-02   
1.680795e-03   1.871108e+00   2.153353e+00   8.205129e+00   6.002705e-02   
1.699190e-03   1.877341e+00   2.161831e+00   8.191966e+00   5.934967e-02   
1.717585e-03   1.883324e+00   2.169961e+00   8.183505e+00   5.852026e-02   
1.735981e-03   1.889066e+00   2.177781e+00   8.175341e+00   5.769928e-02   
1.754376e-03   1.894575e+00   2.185289e+00   8.167512e+00   5.688496e-02   
1.772772e-03   1.899856e+00   2.192529e+00   8.153737e+00   5.629314e-02   
1.791167e-03   1.904919e+00   2.199445e+00   8.145418e+00   5.552849e-02   
1.809562e-03   1.909769e+00   2.206089e+00   8.137514e+00   5.476631e-02   
1.827958e-03   1.914415e+00   2.212494e+00   8.123649e+00   5.421862e-02   
1.846353e-03   1.918863e+00   2.218599e+00   8.115311e+00   5.350059e-02   
1.864749e-03   1.923120e+00   2.224487e+00   8.102081e+00   5.295682e-02   
1.883144e-03   1.927192e+00   2.230099e+00   8.093314e+00   5.228063e-02   
1.901540e-03   1.931086e+00   2.235471e+00   8.085118e+00   5.160027e-02   
1.919935e-03   1.934807e+00   2.240632e+00   8.071444e+00   5.110665e-02   
1.938330e-03   1.938362e+00   2.245547e+00   8.062900e+00   5.046314e-02   
1.956726e-03   1.941755e+00   2.250277e+00   8.049635e+00   4.997862e-02   
1.975121e-03   1.944993e+00   2.254763e+00   8.040760e+00   4.936972e-02   
1.993517e-03   1.948080e+00   2.259052e+00   8.032570e+00   4.875245e-02   
2.011912e-03   1.951022e+00   2.263180e+00   8.018674e+00   4.831886e-02   
2.030307e-03   1.953824e+00   2.267080e+00   8.010220e+00   4.773245e-02   
2.048703e-03   1.956490e+00   2.270816e+00   7.996612e+00   4.730957e-02   
2.067098e-03   1.959024e+00   2.274346e+00   7.987920e+00   4.675199e-02   
2.085494e-03   1.961431e+00   2.277743e+00   7.974560e+00   4.634052e-02   
2.103889e-03   1.963716e+00   2.280933e+00   7.965652e+00   4.580991e-02   
2.122284e-03   1.965882e+00   2.283971e+00   7.957523e+00   4.526773e-02   
2.140680e-03   1.967933e+00   2.286865e+00   7.943415e+00   4.490465e-02   
2.159075e-03   1.969873e+00   2.289580e+00   7.935098e+00   4.438746e-02   
2.177471e-03   1.971705e+00   2.292183e+00   7.921200e+00   4.403493e-02   
2.195866e-03   1.973434e+00   2.294611e+00   7.912708e+00   4.354140e-02   
2.214262e-03   1.975061e+00   2.296928e+00   7.899020e+00   4.319893e-02   
2.232657e-03   1.976592e+00   2.299073e+00   7.890353e+00   4.272812e-02   
2.251052e-03   1.978028e+00   2.301130e+00   7.876874e+00   4.239531e-02   
2.269448e-03   1.979372e+00   2.303021e+00   7.868037e+00   4.194616e-02   
2.287843e-03   1.980628e+00   2.304801e+00   7.860001e+00   4.148461e-02   
2.306239e-03   1.981799e+00   2.306464e+00   7.845768e+00   4.119409e-02   
2.324634e-03   1.982887e+00   2.307998e+00   7.837554e+00   4.075354e-02   
2.343029e-03   1.983894e+00   2.309461e+00   7.823551e+00   4.047056e-02   
2.361425e-03   1.984824e+00   2.310769e+00   7.815157e+00   4.005028e-02   
2.379820e-03   1.985679e+00   2.311997e+00   7.801407e+00   3.977391e-02   
2.398216e-03   1.986460e+00   2.313096e+00   7.792820e+00   3.937345e-02   
2.416611e-03   1.987171e+00   2.314144e+00   7.779349e+00   3.910272e-02   
2.435006e-03   1.987813e+00   2.315040e+00   7.770563e+00   3.872150e-02   
2.453402e-03   1.988389e+00   2.315849e+00   7.762513e+00   3.832937e-02   
2.471797e-03   1.988901e+00   2.316601e+00   7.748393e+00   3.809328e-02   
2.490193e-03   1.989351e+00   2.317239e+00   7.740114e+00   3.772035e-02   
2.508588e-03   1.989740e+00   2.317808e+00   7.726347e+00   3.748695e-02   
2.526984e-03   1.990070e+00   2.318263e+00   7.717822e+00   3.713296e-02   
2.545379e-03   1.990344e+00   2.318694e+00   7.704449e+00   3.690109e-02   
2.563774e-03   1.990562e+00   2.318992e+00   7.695665e+00   3.656568e-02   
2.582170e-03   1.990728e+00   2.319209e+00   7.687553e+00   3.622077e-02   
2.600565e-03   1.990841e+00   2.319388e+00   7.673670e+00   3.601710e-02   
2.618961e-03   1.990905e+00   2.319469e+00   7.665268e+00   3.569080e-02   
2.637356e-03   1.990920e+00   2.319515e+00   7.651884e+00   3.548543e-02   
