#rhoc           M              M_0            R              k_love         
1.200277e-03   1.000000e+00   1.080758e+00   7.703214e+00   1.012887e-01   
1.198254e-03   9.970416e-01   1.077292e+00   7.703141e+00   1.014157e-01   
1.196231e-03   9.940823e-01   1.073827e+00   7.703059e+00   1.015422e-01   
1.194208e-03   9.911222e-01   1.070362e+00   7.703070e+00   1.016613e-01   
1.192185e-03   9.881612e-01   1.066898e+00   7.703029e+00   1.017828e-01   
1.190162e-03   9.851994e-01   1.063436e+00   7.703024e+00   1.019006e-01   
1.188139e-03   9.822368e-01   1.059975e+00   7.702958e+00   1.020214e-01   
1.186116e-03   9.792735e-01   1.056513e+00   7.702929e+00   1.021387e-01   
1.184093e-03   9.763095e-01   1.053053e+00   7.702901e+00   1.022546e-01   
1.182070e-03   9.733448e-01   1.049595e+00   7.702864e+00   1.023700e-01   
1.180047e-03   9.703794e-01   1.046137e+00   7.702829e+00   1.024841e-01   
1.178024e-03   9.674135e-01   1.042680e+00   7.702772e+00   1.025983e-01   
1.176001e-03   9.644470e-01   1.039224e+00   7.702766e+00   1.027081e-01   
1.173978e-03   9.614800e-01   1.035769e+00   7.702706e+00   1.028201e-01   
1.171955e-03   9.585124e-01   1.032317e+00   7.702691e+00   1.029280e-01   
1.169932e-03   9.555444e-01   1.028864e+00   7.702650e+00   1.030363e-01   
1.167909e-03   9.525760e-01   1.025413e+00   7.702612e+00   1.031433e-01   
1.165886e-03   9.496072e-01   1.021964e+00   7.702816e+00   1.032327e-01   
1.163863e-03   9.466380e-01   1.018516e+00   7.702521e+00   1.033544e-01   
1.161840e-03   9.436685e-01   1.015069e+00   7.702513e+00   1.034555e-01   
1.159817e-03   9.406987e-01   1.011624e+00   7.701616e+00   1.036141e-01   
1.157794e-03   9.377286e-01   1.008179e+00   7.701585e+00   1.037143e-01   
1.155771e-03   9.347583e-01   1.004737e+00   7.701576e+00   1.038117e-01   
1.153748e-03   9.317879e-01   1.001297e+00   7.701571e+00   1.039075e-01   
1.151725e-03   9.288172e-01   9.978575e-01   7.701567e+00   1.040020e-01   
1.149702e-03   9.258465e-01   9.944196e-01   7.701544e+00   1.040964e-01   
1.147679e-03   9.228757e-01   9.909837e-01   7.701511e+00   1.041902e-01   
1.145656e-03   9.199049e-01   9.875498e-01   7.701488e+00   1.042819e-01   
1.143633e-03   9.169340e-01   9.841171e-01   7.701576e+00   1.043648e-01   
1.141610e-03   9.139632e-01   9.806860e-01   7.701557e+00   1.044536e-01   
1.139587e-03   9.109924e-01   9.772570e-01   7.701571e+00   1.045388e-01   
1.137564e-03   9.080218e-01   9.738300e-01   7.701621e+00   1.046202e-01   
1.135541e-03   9.050513e-01   9.704050e-01   7.701569e+00   1.047071e-01   
1.133518e-03   9.020809e-01   9.669807e-01   7.701748e+00   1.047769e-01   
1.131495e-03   8.991108e-01   9.635599e-01   7.701606e+00   1.048673e-01   
1.129472e-03   8.961409e-01   9.601401e-01   7.701827e+00   1.049314e-01   
1.127449e-03   8.931714e-01   9.567230e-01   7.701778e+00   1.050126e-01   
1.125426e-03   8.902021e-01   9.533079e-01   7.701662e+00   1.050969e-01   
1.123403e-03   8.872332e-01   9.498945e-01   7.701814e+00   1.051615e-01   
1.121380e-03   8.842647e-01   9.464839e-01   7.701810e+00   1.052353e-01   
1.119357e-03   8.812966e-01   9.430750e-01   7.701819e+00   1.053069e-01   
1.117334e-03   8.783290e-01   9.396680e-01   7.701905e+00   1.053717e-01   
1.115311e-03   8.753619e-01   9.362640e-01   7.701949e+00   1.054378e-01   
1.113288e-03   8.723954e-01   9.328620e-01   7.702027e+00   1.055003e-01   
1.111265e-03   8.694294e-01   9.294619e-01   7.702105e+00   1.055613e-01   
1.109242e-03   8.664641e-01   9.260647e-01   7.702156e+00   1.056226e-01   
1.107219e-03   8.634994e-01   9.226728e-01   7.702519e+00   1.056623e-01   
1.105196e-03   8.605354e-01   9.192804e-01   7.702547e+00   1.057222e-01   
1.103173e-03   8.575722e-01   9.158911e-01   7.702650e+00   1.057755e-01   
1.101150e-03   8.546097e-01   9.125044e-01   7.702667e+00   1.058333e-01   
1.099127e-03   8.516480e-01   9.091205e-01   7.702853e+00   1.058779e-01   
1.097104e-03   8.486872e-01   9.057381e-01   7.702750e+00   1.059409e-01   
1.095081e-03   8.457273e-01   9.023594e-01   7.702824e+00   1.059902e-01   
1.093058e-03   8.427683e-01   8.989829e-01   7.702713e+00   1.060507e-01   
1.091035e-03   8.398102e-01   8.956098e-01   7.703032e+00   1.060801e-01   
1.089012e-03   8.368532e-01   8.922391e-01   7.703094e+00   1.061256e-01   
1.086989e-03   8.338972e-01   8.888717e-01   7.703181e+00   1.061679e-01   
1.084966e-03   8.309422e-01   8.855067e-01   7.703264e+00   1.062090e-01   
1.082943e-03   8.279884e-01   8.821445e-01   7.703423e+00   1.062432e-01   
1.080920e-03   8.250357e-01   8.787859e-01   7.703592e+00   1.062751e-01   
1.078897e-03   8.220843e-01   8.754300e-01   7.703665e+00   1.063121e-01   
1.076874e-03   8.191340e-01   8.720766e-01   7.703738e+00   1.063476e-01   
1.074851e-03   8.161851e-01   8.687270e-01   7.703942e+00   1.063724e-01   
1.072828e-03   8.132374e-01   8.653806e-01   7.704164e+00   1.063944e-01   
1.070805e-03   8.102911e-01   8.620366e-01   7.704242e+00   1.064248e-01   
1.068782e-03   8.073462e-01   8.586961e-01   7.704372e+00   1.064500e-01   
1.066759e-03   8.044027e-01   8.553593e-01   7.704590e+00   1.064675e-01   
1.064736e-03   8.014607e-01   8.520252e-01   7.704845e+00   1.064809e-01   
1.062713e-03   7.985202e-01   8.486944e-01   7.705018e+00   1.064983e-01   
1.060690e-03   7.955812e-01   8.453675e-01   7.705422e+00   1.064981e-01   
1.058667e-03   7.926438e-01   8.420434e-01   7.705624e+00   1.065103e-01   
1.056644e-03   7.897080e-01   8.387226e-01   7.705736e+00   1.065271e-01   
1.054621e-03   7.867739e-01   8.354058e-01   7.706061e+00   1.065275e-01   
1.052598e-03   7.838415e-01   8.320921e-01   7.706272e+00   1.065342e-01   
1.050575e-03   7.809108e-01   8.287817e-01   7.706594e+00   1.065316e-01   
1.048552e-03   7.779819e-01   8.254753e-01   7.706827e+00   1.065335e-01   
1.046529e-03   7.750549e-01   8.221721e-01   7.707125e+00   1.065293e-01   
1.044506e-03   7.721296e-01   8.188728e-01   7.707222e+00   1.065374e-01   
1.042483e-03   7.692063e-01   8.155771e-01   7.707622e+00   1.065228e-01   
1.040460e-03   7.662849e-01   8.122852e-01   7.707757e+00   1.065249e-01   
1.038437e-03   7.633655e-01   8.089964e-01   7.708234e+00   1.065018e-01   
1.036414e-03   7.604481e-01   8.057120e-01   7.708551e+00   1.064880e-01   
1.034391e-03   7.575328e-01   8.024308e-01   7.708948e+00   1.064670e-01   
1.032368e-03   7.546196e-01   7.991540e-01   7.709230e+00   1.064524e-01   
1.030345e-03   7.517085e-01   7.958811e-01   7.709533e+00   1.064347e-01   
1.028322e-03   7.487996e-01   7.926149e-01   7.710151e+00   1.063947e-01   
1.026299e-03   7.458929e-01   7.893516e-01   7.710434e+00   1.063751e-01   
1.024276e-03   7.429884e-01   7.860924e-01   7.710953e+00   1.063376e-01   
1.022253e-03   7.400863e-01   7.828374e-01   7.711703e+00   1.062824e-01   
1.020230e-03   7.371865e-01   7.795859e-01   7.711793e+00   1.062711e-01   
1.018207e-03   7.342890e-01   7.763385e-01   7.712354e+00   1.062257e-01   
1.016184e-03   7.313940e-01   7.730953e-01   7.712796e+00   1.061869e-01   
1.014161e-03   7.285014e-01   7.698565e-01   7.713142e+00   1.061529e-01   
1.012138e-03   7.256113e-01   7.666213e-01   7.713532e+00   1.061143e-01   
1.010115e-03   7.227238e-01   7.633908e-01   7.714086e+00   1.060627e-01   
1.008092e-03   7.198388e-01   7.601646e-01   7.714294e+00   1.060333e-01   
1.006069e-03   7.169564e-01   7.569419e-01   7.715068e+00   1.059632e-01   
1.004046e-03   7.140767e-01   7.537241e-01   7.715660e+00   1.059040e-01   
1.002023e-03   7.111997e-01   7.505098e-01   7.716352e+00   1.058362e-01   
1.000000e-03   7.083254e-01   7.473004e-01   7.716929e+00   1.057747e-01   
