#rhoc           M              M_0            R              k_love         
7.898867e-04   1.000000e+00   1.072382e+00   8.836562e+00   1.163563e-01   
8.081707e-04   1.047704e+00   1.127328e+00   8.851389e+00   1.150571e-01   
8.264547e-04   1.094881e+00   1.182035e+00   8.866149e+00   1.134823e-01   
8.447386e-04   1.141142e+00   1.236044e+00   8.880619e+00   1.116822e-01   
8.630226e-04   1.186098e+00   1.288884e+00   8.893102e+00   1.097984e-01   
8.813066e-04   1.229377e+00   1.340089e+00   8.905214e+00   1.077672e-01   
8.995905e-04   1.270647e+00   1.389215e+00   8.917536e+00   1.055916e-01   
9.178745e-04   1.309625e+00   1.435907e+00   8.925951e+00   1.035516e-01   
9.361585e-04   1.346088e+00   1.479838e+00   8.933524e+00   1.014983e-01   
9.544425e-04   1.379886e+00   1.520777e+00   8.940260e+00   9.946553e-02   
9.727264e-04   1.411114e+00   1.558812e+00   8.943177e+00   9.763694e-02   
9.910104e-04   1.440062e+00   1.594222e+00   8.947801e+00   9.571578e-02   
1.009294e-03   1.467023e+00   1.627367e+00   8.948721e+00   9.399656e-02   
1.027578e-03   1.492274e+00   1.658539e+00   8.949130e+00   9.230630e-02   
1.045862e-03   1.516069e+00   1.688033e+00   8.948893e+00   9.065003e-02   
1.064146e-03   1.538638e+00   1.716116e+00   8.948183e+00   8.901505e-02   
1.082430e-03   1.560187e+00   1.743044e+00   8.944394e+00   8.752343e-02   
1.100714e-03   1.580898e+00   1.769012e+00   8.941973e+00   8.594988e-02   
1.118998e-03   1.600933e+00   1.794213e+00   8.940005e+00   8.433501e-02   
1.137282e-03   1.620429e+00   1.818845e+00   8.933686e+00   8.289760e-02   
1.155566e-03   1.639438e+00   1.842946e+00   8.927422e+00   8.142732e-02   
1.173850e-03   1.657948e+00   1.866493e+00   8.920728e+00   7.995294e-02   
1.192134e-03   1.675946e+00   1.889467e+00   8.913493e+00   7.848537e-02   
1.210418e-03   1.693423e+00   1.911853e+00   8.905697e+00   7.703083e-02   
1.228702e-03   1.710370e+00   1.933634e+00   8.897432e+00   7.559032e-02   
1.246986e-03   1.726785e+00   1.954798e+00   8.888893e+00   7.416052e-02   
1.265270e-03   1.742662e+00   1.975334e+00   8.880334e+00   7.273583e-02   
1.283554e-03   1.758002e+00   1.995262e+00   8.867995e+00   7.147244e-02   
1.301838e-03   1.772804e+00   2.014529e+00   8.858460e+00   7.010681e-02   
1.320122e-03   1.787070e+00   2.033177e+00   8.845884e+00   6.887570e-02   
1.338406e-03   1.800803e+00   2.051162e+00   8.835817e+00   6.756516e-02   
1.356690e-03   1.814008e+00   2.068531e+00   8.822596e+00   6.639564e-02   
1.374974e-03   1.826701e+00   2.085248e+00   8.812679e+00   6.512447e-02   
1.393258e-03   1.838902e+00   2.101391e+00   8.798705e+00   6.402562e-02   
1.411542e-03   1.850634e+00   2.116955e+00   8.784975e+00   6.293825e-02   
1.429826e-03   1.861915e+00   2.131959e+00   8.771232e+00   6.187203e-02   
1.448110e-03   1.872765e+00   2.146410e+00   8.760433e+00   6.072478e-02   
1.466394e-03   1.883202e+00   2.160371e+00   8.746087e+00   5.972229e-02   
1.484678e-03   1.893243e+00   2.173836e+00   8.731757e+00   5.873922e-02   
1.502962e-03   1.902903e+00   2.186824e+00   8.717433e+00   5.777571e-02   
1.521246e-03   1.912198e+00   2.199352e+00   8.703015e+00   5.683487e-02   
1.539530e-03   1.921142e+00   2.211436e+00   8.688403e+00   5.591946e-02   
1.557814e-03   1.929749e+00   2.223069e+00   8.677557e+00   5.490369e-02   
1.576098e-03   1.938033e+00   2.234316e+00   8.662682e+00   5.403535e-02   
1.594382e-03   1.946005e+00   2.245166e+00   8.647786e+00   5.318548e-02   
1.612665e-03   1.953677e+00   2.255632e+00   8.632860e+00   5.235396e-02   
1.630949e-03   1.961060e+00   2.265726e+00   8.617900e+00   5.154060e-02   
1.649233e-03   1.968162e+00   2.275458e+00   8.602908e+00   5.074526e-02   
1.667517e-03   1.974992e+00   2.284839e+00   8.587887e+00   4.996774e-02   
1.685801e-03   1.981559e+00   2.293877e+00   8.572842e+00   4.920775e-02   
1.704085e-03   1.987870e+00   2.302581e+00   8.557780e+00   4.846498e-02   
1.722369e-03   1.993933e+00   2.310962e+00   8.542705e+00   4.773907e-02   
1.740653e-03   1.999755e+00   2.319027e+00   8.527624e+00   4.702968e-02   
1.758937e-03   2.005345e+00   2.326785e+00   8.512544e+00   4.633642e-02   
1.777221e-03   2.010708e+00   2.334274e+00   8.493360e+00   4.576941e-02   
1.795505e-03   2.015853e+00   2.341444e+00   8.478048e+00   4.511265e-02   
1.813789e-03   2.020785e+00   2.348332e+00   8.462724e+00   4.447157e-02   
1.832073e-03   2.025512e+00   2.354945e+00   8.447427e+00   4.384494e-02   
1.850357e-03   2.030038e+00   2.361289e+00   8.432195e+00   4.323157e-02   
1.868641e-03   2.034372e+00   2.367375e+00   8.416979e+00   4.263247e-02   
1.886925e-03   2.038517e+00   2.373207e+00   8.401745e+00   4.204829e-02   
1.905209e-03   2.042481e+00   2.378792e+00   8.386508e+00   4.147837e-02   
1.923493e-03   2.046268e+00   2.384139e+00   8.371289e+00   4.092196e-02   
1.941777e-03   2.049884e+00   2.389254e+00   8.356096e+00   4.037854e-02   
1.960061e-03   2.053335e+00   2.394143e+00   8.340927e+00   3.984793e-02   
1.978345e-03   2.056625e+00   2.398812e+00   8.325781e+00   3.932981e-02   
1.996629e-03   2.059760e+00   2.403270e+00   8.310661e+00   3.882388e-02   
2.014913e-03   2.062745e+00   2.407520e+00   8.295558e+00   3.833004e-02   
2.033197e-03   2.065584e+00   2.411569e+00   8.280469e+00   3.784810e-02   
2.051481e-03   2.068281e+00   2.415424e+00   8.265398e+00   3.737766e-02   
2.069765e-03   2.070842e+00   2.419088e+00   8.250346e+00   3.691844e-02   
2.088049e-03   2.073269e+00   2.422568e+00   8.235313e+00   3.647019e-02   
2.106333e-03   2.075569e+00   2.425869e+00   8.220294e+00   3.603270e-02   
2.124617e-03   2.077743e+00   2.428997e+00   8.205290e+00   3.560574e-02   
2.142901e-03   2.079797e+00   2.431955e+00   8.190301e+00   3.518904e-02   
2.161185e-03   2.081733e+00   2.434749e+00   8.175328e+00   3.478232e-02   
2.179469e-03   2.083556e+00   2.437384e+00   8.160376e+00   3.438526e-02   
2.197753e-03   2.085269e+00   2.439863e+00   8.145446e+00   3.399758e-02   
2.216037e-03   2.086876e+00   2.442192e+00   8.130534e+00   3.361913e-02   
2.234321e-03   2.088378e+00   2.444374e+00   8.115643e+00   3.324963e-02   
2.252605e-03   2.089781e+00   2.446414e+00   8.100788e+00   3.288857e-02   
2.270888e-03   2.091086e+00   2.448315e+00   8.085970e+00   3.253570e-02   
2.289172e-03   2.092296e+00   2.450082e+00   8.071196e+00   3.219069e-02   
2.307456e-03   2.093415e+00   2.451718e+00   8.056428e+00   3.185410e-02   
2.325740e-03   2.094446e+00   2.453227e+00   8.041693e+00   3.152520e-02   
2.344024e-03   2.095390e+00   2.454613e+00   8.027098e+00   3.120172e-02   
2.362308e-03   2.096251e+00   2.455877e+00   8.012564e+00   3.088507e-02   
2.380592e-03   2.097030e+00   2.457024e+00   7.998124e+00   3.057445e-02   
2.398876e-03   2.097731e+00   2.458022e+00   7.987664e+00   3.019627e-02   
2.417160e-03   2.098356e+00   2.458946e+00   7.972939e+00   2.990679e-02   
2.435444e-03   2.098907e+00   2.459765e+00   7.958304e+00   2.962284e-02   
2.453728e-03   2.099386e+00   2.460479e+00   7.943761e+00   2.934423e-02   
2.472012e-03   2.099796e+00   2.461091e+00   7.929305e+00   2.907097e-02   
2.490296e-03   2.100138e+00   2.461604e+00   7.915047e+00   2.880088e-02   
2.508580e-03   2.100414e+00   2.461983e+00   7.905081e+00   2.846019e-02   
2.526864e-03   2.100627e+00   2.462307e+00   7.890440e+00   2.821075e-02   
2.545148e-03   2.100779e+00   2.462543e+00   7.875979e+00   2.796437e-02   
2.563432e-03   2.100870e+00   2.462690e+00   7.861626e+00   2.772223e-02   
2.581716e-03   2.100904e+00   2.462751e+00   7.847567e+00   2.748097e-02   
2.600000e-03   2.100882e+00   2.462690e+00   7.837666e+00   2.717363e-02   
