#rhoc           M              M_0            R              k_love         
1.074368e-03   1.000000e+00   1.077742e+00   8.118190e+00   1.038142e-01   
1.095334e-03   1.030316e+00   1.113088e+00   8.115732e+00   1.024570e-01   
1.116300e-03   1.060284e+00   1.148216e+00   8.111373e+00   1.011197e-01   
1.137266e-03   1.089875e+00   1.183068e+00   8.108850e+00   9.957908e-02   
1.158232e-03   1.119061e+00   1.217623e+00   8.104486e+00   9.807103e-02   
1.179198e-03   1.147820e+00   1.251839e+00   8.101534e+00   9.640781e-02   
1.200164e-03   1.176132e+00   1.285697e+00   8.096731e+00   9.479227e-02   
1.221130e-03   1.203979e+00   1.319159e+00   8.093470e+00   9.303408e-02   
1.242096e-03   1.231347e+00   1.352218e+00   8.087693e+00   9.137441e-02   
1.263062e-03   1.258222e+00   1.384837e+00   8.082501e+00   8.964183e-02   
1.284028e-03   1.284594e+00   1.417000e+00   8.078339e+00   8.782268e-02   
1.304994e-03   1.310453e+00   1.448702e+00   8.071854e+00   8.610464e-02   
1.325959e-03   1.335793e+00   1.479916e+00   8.065037e+00   8.438352e-02   
1.346925e-03   1.360607e+00   1.510630e+00   8.058359e+00   8.264016e-02   
1.367891e-03   1.384891e+00   1.540833e+00   8.051130e+00   8.091543e-02   
1.388857e-03   1.408639e+00   1.570510e+00   8.043528e+00   7.920436e-02   
1.409823e-03   1.431846e+00   1.599650e+00   8.035761e+00   7.750079e-02   
1.430789e-03   1.454509e+00   1.628240e+00   8.027693e+00   7.581526e-02   
1.451755e-03   1.476625e+00   1.656269e+00   8.019231e+00   7.415537e-02   
1.472721e-03   1.498195e+00   1.683730e+00   8.011009e+00   7.249500e-02   
1.493687e-03   1.519216e+00   1.710615e+00   8.002701e+00   7.085278e-02   
1.514653e-03   1.539692e+00   1.736943e+00   7.990358e+00   6.940258e-02   
1.535619e-03   1.559624e+00   1.762664e+00   7.981282e+00   6.782637e-02   
1.556585e-03   1.579014e+00   1.787797e+00   7.972655e+00   6.625233e-02   
1.577551e-03   1.597868e+00   1.812367e+00   7.959703e+00   6.487798e-02   
1.598517e-03   1.616190e+00   1.836319e+00   7.950419e+00   6.337576e-02   
1.619483e-03   1.633985e+00   1.859709e+00   7.937187e+00   6.205353e-02   
1.640449e-03   1.651259e+00   1.882484e+00   7.927818e+00   6.060468e-02   
1.661415e-03   1.668019e+00   1.904701e+00   7.914323e+00   5.933858e-02   
1.682381e-03   1.684271e+00   1.926328e+00   7.901105e+00   5.808525e-02   
1.703347e-03   1.700022e+00   1.947355e+00   7.890829e+00   5.675069e-02   
1.724313e-03   1.715280e+00   1.967831e+00   7.877197e+00   5.556357e-02   
1.745279e-03   1.730054e+00   1.987705e+00   7.867534e+00   5.426462e-02   
1.766245e-03   1.744351e+00   2.007042e+00   7.853186e+00   5.315506e-02   
1.787211e-03   1.758180e+00   2.025819e+00   7.839064e+00   5.206295e-02   
1.808177e-03   1.771550e+00   2.044042e+00   7.825227e+00   5.098701e-02   
1.829143e-03   1.784469e+00   2.061686e+00   7.815099e+00   4.981887e-02   
1.850109e-03   1.796948e+00   2.078822e+00   7.800571e+00   4.881887e-02   
1.871075e-03   1.808996e+00   2.095427e+00   7.786211e+00   4.783887e-02   
1.892041e-03   1.820621e+00   2.111507e+00   7.771924e+00   4.688192e-02   
1.913007e-03   1.831834e+00   2.127070e+00   7.757482e+00   4.595475e-02   
1.933973e-03   1.842644e+00   2.142125e+00   7.743278e+00   4.504543e-02   
1.954939e-03   1.853061e+00   2.156653e+00   7.732712e+00   4.405730e-02   
1.975905e-03   1.863096e+00   2.170727e+00   7.718002e+00   4.321308e-02   
1.996871e-03   1.872760e+00   2.184325e+00   7.703424e+00   4.238852e-02   
2.017837e-03   1.882062e+00   2.197457e+00   7.688750e+00   4.158949e-02   
2.038803e-03   1.891014e+00   2.210136e+00   7.674297e+00   4.080695e-02   
2.059769e-03   1.899624e+00   2.222368e+00   7.659592e+00   4.005308e-02   
2.080735e-03   1.907903e+00   2.234166e+00   7.645095e+00   3.931518e-02   
2.101701e-03   1.915860e+00   2.245539e+00   7.630510e+00   3.860052e-02   
2.122667e-03   1.923505e+00   2.256465e+00   7.620107e+00   3.780254e-02   
2.143633e-03   1.930847e+00   2.267023e+00   7.605298e+00   3.713535e-02   
2.164599e-03   1.937895e+00   2.277187e+00   7.590480e+00   3.648756e-02   
2.185565e-03   1.944657e+00   2.286970e+00   7.575787e+00   3.585549e-02   
2.206531e-03   1.951143e+00   2.296378e+00   7.561043e+00   3.524285e-02   
2.227497e-03   1.957360e+00   2.305423e+00   7.546439e+00   3.464471e-02   
2.248463e-03   1.963317e+00   2.314111e+00   7.531699e+00   3.406701e-02   
2.269429e-03   1.969022e+00   2.322455e+00   7.517116e+00   3.350255e-02   
2.290395e-03   1.974482e+00   2.330460e+00   7.502525e+00   3.295465e-02   
2.311361e-03   1.979704e+00   2.338100e+00   7.492513e+00   3.232386e-02   
2.332327e-03   1.984698e+00   2.345458e+00   7.477662e+00   3.181428e-02   
2.353293e-03   1.989468e+00   2.352507e+00   7.462857e+00   3.131854e-02   
2.374259e-03   1.994023e+00   2.359256e+00   7.448165e+00   3.083483e-02   
2.395225e-03   1.998369e+00   2.365712e+00   7.433565e+00   3.036324e-02   
2.416191e-03   2.002513e+00   2.371882e+00   7.418888e+00   2.990682e-02   
2.437157e-03   2.006461e+00   2.377775e+00   7.404375e+00   2.946028e-02   
2.458123e-03   2.010220e+00   2.383397e+00   7.389968e+00   2.902451e-02   
2.479089e-03   2.013795e+00   2.388715e+00   7.380050e+00   2.851445e-02   
2.500055e-03   2.017192e+00   2.393819e+00   7.365271e+00   2.811149e-02   
2.521021e-03   2.020418e+00   2.398677e+00   7.350606e+00   2.771794e-02   
2.541986e-03   2.023476e+00   2.403297e+00   7.336088e+00   2.733286e-02   
2.562952e-03   2.026373e+00   2.407682e+00   7.321625e+00   2.695772e-02   
2.583918e-03   2.029114e+00   2.411839e+00   7.307332e+00   2.659011e-02   
2.604884e-03   2.031703e+00   2.415729e+00   7.297569e+00   2.615170e-02   
2.625850e-03   2.034145e+00   2.419449e+00   7.282893e+00   2.581229e-02   
2.646816e-03   2.036446e+00   2.422963e+00   7.268420e+00   2.547893e-02   
2.667782e-03   2.038609e+00   2.426274e+00   7.253988e+00   2.515421e-02   
2.688748e-03   2.040639e+00   2.429389e+00   7.239822e+00   2.483404e-02   
2.709714e-03   2.042541e+00   2.432263e+00   7.230123e+00   2.444723e-02   
2.730680e-03   2.044317e+00   2.434999e+00   7.215528e+00   2.415265e-02   
2.751646e-03   2.045972e+00   2.437556e+00   7.201194e+00   2.386199e-02   
2.772612e-03   2.047510e+00   2.439938e+00   7.187056e+00   2.357615e-02   
2.793578e-03   2.048935e+00   2.442100e+00   7.177584e+00   2.322266e-02   
2.814544e-03   2.050250e+00   2.444143e+00   7.163036e+00   2.295969e-02   
2.835510e-03   2.051458e+00   2.446029e+00   7.148784e+00   2.269928e-02   
2.856476e-03   2.052563e+00   2.447758e+00   7.134815e+00   2.244152e-02   
2.877442e-03   2.053568e+00   2.449283e+00   7.125216e+00   2.212288e-02   
2.898408e-03   2.054477e+00   2.450712e+00   7.110857e+00   2.188555e-02   
2.919374e-03   2.055292e+00   2.452000e+00   7.096847e+00   2.164932e-02   
2.940340e-03   2.056016e+00   2.453097e+00   7.087598e+00   2.134767e-02   
2.961306e-03   2.056652e+00   2.454108e+00   7.073242e+00   2.112976e-02   
2.982272e-03   2.057203e+00   2.454990e+00   7.059180e+00   2.091335e-02   
3.003238e-03   2.057671e+00   2.455692e+00   7.050076e+00   2.063010e-02   
3.024204e-03   2.058059e+00   2.456320e+00   7.035742e+00   2.042962e-02   
3.045170e-03   2.058370e+00   2.456829e+00   7.021787e+00   2.022903e-02   
3.066136e-03   2.058605e+00   2.457169e+00   7.012652e+00   1.996505e-02   
3.087102e-03   2.058767e+00   2.457445e+00   6.998405e+00   1.977958e-02   
3.108068e-03   2.058859e+00   2.457613e+00   6.984677e+00   1.959172e-02   
3.129034e-03   2.058882e+00   2.457619e+00   6.975364e+00   1.934750e-02   
3.150000e-03   2.058838e+00   2.457575e+00   6.961330e+00   1.917397e-02   
