#rhoc           M              M_0            R              k_love         
6.791732e-04   1.000000e+00   1.070360e+00   9.802605e+00   1.069533e-01   
6.970603e-04   1.036131e+00   1.111620e+00   9.793747e+00   1.065264e-01   
7.149475e-04   1.071390e+00   1.152085e+00   9.785024e+00   1.058786e-01   
7.328346e-04   1.105764e+00   1.191715e+00   9.775914e+00   1.050624e-01   
7.507218e-04   1.139241e+00   1.230487e+00   9.766852e+00   1.040777e-01   
7.686089e-04   1.171817e+00   1.268378e+00   9.757862e+00   1.029452e-01   
7.864960e-04   1.203490e+00   1.305405e+00   9.747178e+00   1.017770e-01   
8.043832e-04   1.234262e+00   1.341523e+00   9.737177e+00   1.004669e-01   
8.222703e-04   1.264136e+00   1.376731e+00   9.726392e+00   9.910630e-02   
8.401574e-04   1.293119e+00   1.411065e+00   9.715094e+00   9.769701e-02   
8.580446e-04   1.321222e+00   1.444477e+00   9.703198e+00   9.625414e-02   
8.759317e-04   1.348455e+00   1.476993e+00   9.691377e+00   9.475738e-02   
8.938189e-04   1.374832e+00   1.508633e+00   9.678063e+00   9.329219e-02   
9.117060e-04   1.400368e+00   1.539367e+00   9.664885e+00   9.178829e-02   
9.295931e-04   1.425077e+00   1.569206e+00   9.652684e+00   9.021600e-02   
9.474803e-04   1.448978e+00   1.598205e+00   9.638208e+00   8.873400e-02   
9.653674e-04   1.472088e+00   1.626361e+00   9.623527e+00   8.725088e-02   
9.832546e-04   1.494422e+00   1.653659e+00   9.608619e+00   8.577318e-02   
1.001142e-03   1.516001e+00   1.680144e+00   9.593491e+00   8.430555e-02   
1.019029e-03   1.536842e+00   1.705798e+00   9.578186e+00   8.285033e-02   
1.036916e-03   1.556964e+00   1.730654e+00   9.562761e+00   8.140871e-02   
1.054803e-03   1.576386e+00   1.754760e+00   9.544451e+00   8.009971e-02   
1.072690e-03   1.595127e+00   1.778078e+00   9.528407e+00   7.870870e-02   
1.090577e-03   1.613206e+00   1.800648e+00   9.512017e+00   7.734851e-02   
1.108465e-03   1.630641e+00   1.822485e+00   9.495949e+00   7.599388e-02   
1.126352e-03   1.647452e+00   1.843623e+00   9.477245e+00   7.476368e-02   
1.144239e-03   1.663657e+00   1.864040e+00   9.460429e+00   7.347977e-02   
1.162126e-03   1.679273e+00   1.883781e+00   9.443814e+00   7.221093e-02   
1.180013e-03   1.694319e+00   1.902855e+00   9.427570e+00   7.095214e-02   
1.197900e-03   1.708813e+00   1.921320e+00   9.407646e+00   6.985506e-02   
1.215787e-03   1.722771e+00   1.939118e+00   9.390929e+00   6.866287e-02   
1.233675e-03   1.736211e+00   1.956314e+00   9.371337e+00   6.760004e-02   
1.251562e-03   1.749148e+00   1.972902e+00   9.354221e+00   6.647285e-02   
1.269449e-03   1.761600e+00   1.988894e+00   9.337725e+00   6.534998e-02   
1.287336e-03   1.773581e+00   2.004416e+00   9.317437e+00   6.438476e-02   
1.305223e-03   1.785108e+00   2.019301e+00   9.300718e+00   6.332130e-02   
1.323110e-03   1.796195e+00   2.033694e+00   9.280716e+00   6.239449e-02   
1.340997e-03   1.806856e+00   2.047551e+00   9.263658e+00   6.139370e-02   
1.358884e-03   1.817106e+00   2.060913e+00   9.243972e+00   6.050441e-02   
1.376772e-03   1.826958e+00   2.073795e+00   9.226799e+00   5.955763e-02   
1.394659e-03   1.836427e+00   2.086150e+00   9.210239e+00   5.861639e-02   
1.412546e-03   1.845524e+00   2.098152e+00   9.189812e+00   5.782189e-02   
1.430433e-03   1.854263e+00   2.109589e+00   9.173186e+00   5.693128e-02   
1.448320e-03   1.862655e+00   2.120707e+00   9.153120e+00   5.617036e-02   
1.466207e-03   1.870712e+00   2.131326e+00   9.136238e+00   5.533452e-02   
1.484094e-03   1.878447e+00   2.141559e+00   9.120034e+00   5.450166e-02   
1.501982e-03   1.885869e+00   2.151468e+00   9.099468e+00   5.382085e-02   
1.519869e-03   1.892990e+00   2.160874e+00   9.083083e+00   5.303778e-02   
1.537756e-03   1.899820e+00   2.170014e+00   9.063097e+00   5.238066e-02   
1.555643e-03   1.906368e+00   2.178783e+00   9.046434e+00   5.164812e-02   
1.573530e-03   1.912646e+00   2.187119e+00   9.030251e+00   5.092296e-02   
1.591417e-03   1.918661e+00   2.195224e+00   9.010115e+00   5.032874e-02   
1.609304e-03   1.924423e+00   2.202977e+00   8.993712e+00   4.964943e-02   
1.627192e-03   1.929940e+00   2.210366e+00   8.977704e+00   4.897895e-02   
1.645079e-03   1.935221e+00   2.217530e+00   8.957663e+00   4.843665e-02   
1.662966e-03   1.940275e+00   2.224318e+00   8.941349e+00   4.781137e-02   
1.680853e-03   1.945109e+00   2.230878e+00   8.925430e+00   4.719381e-02   
1.698740e-03   1.949730e+00   2.237186e+00   8.905829e+00   4.669044e-02   
1.716627e-03   1.954146e+00   2.243135e+00   8.889497e+00   4.611795e-02   
1.734514e-03   1.958364e+00   2.248849e+00   8.873575e+00   4.555166e-02   
1.752402e-03   1.962391e+00   2.254355e+00   8.857854e+00   4.499675e-02   
1.770289e-03   1.966234e+00   2.259645e+00   8.838429e+00   4.455107e-02   
1.788176e-03   1.969898e+00   2.264613e+00   8.822355e+00   4.403592e-02   
1.806063e-03   1.973390e+00   2.269366e+00   8.806510e+00   4.353019e-02   
1.823950e-03   1.976716e+00   2.273955e+00   8.790931e+00   4.303270e-02   
1.841837e-03   1.979882e+00   2.278262e+00   8.775455e+00   4.254722e-02   
1.859724e-03   1.982893e+00   2.282365e+00   8.760110e+00   4.207271e-02   
1.877612e-03   1.985754e+00   2.286363e+00   8.740750e+00   4.170755e-02   
1.895499e-03   1.988470e+00   2.290140e+00   8.725163e+00   4.126512e-02   
1.913386e-03   1.991047e+00   2.293685e+00   8.709661e+00   4.083365e-02   
1.931273e-03   1.993489e+00   2.297019e+00   8.694281e+00   4.041195e-02   
1.949160e-03   1.995801e+00   2.300245e+00   8.678992e+00   4.000046e-02   
1.967047e-03   1.997987e+00   2.303276e+00   8.663766e+00   3.959952e-02   
1.984934e-03   2.000051e+00   2.306099e+00   8.648618e+00   3.920852e-02   
2.002822e-03   2.001999e+00   2.308820e+00   8.633540e+00   3.882731e-02   
2.020709e-03   2.003832e+00   2.311395e+00   8.618511e+00   3.845611e-02   
2.038596e-03   2.005557e+00   2.313755e+00   8.603519e+00   3.809488e-02   
2.056483e-03   2.007175e+00   2.316022e+00   8.588578e+00   3.774306e-02   
2.074370e-03   2.008691e+00   2.318176e+00   8.573708e+00   3.739990e-02   
2.092257e-03   2.010109e+00   2.320118e+00   8.558900e+00   3.706538e-02   
2.110144e-03   2.011431e+00   2.321981e+00   8.544150e+00   3.673933e-02   
2.128031e-03   2.012660e+00   2.323746e+00   8.529489e+00   3.642085e-02   
2.145919e-03   2.013801e+00   2.325308e+00   8.514926e+00   3.610953e-02   
2.163806e-03   2.014856e+00   2.326804e+00   8.500442e+00   3.580554e-02   
2.181693e-03   2.015827e+00   2.328099e+00   8.490043e+00   3.542513e-02   
2.199580e-03   2.016718e+00   2.329370e+00   8.475318e+00   3.514406e-02   
2.217467e-03   2.017532e+00   2.330553e+00   8.460716e+00   3.486872e-02   
2.235354e-03   2.018270e+00   2.331561e+00   8.446211e+00   3.459943e-02   
2.253241e-03   2.018936e+00   2.332567e+00   8.431928e+00   3.433351e-02   
2.271129e-03   2.019531e+00   2.333406e+00   8.417829e+00   3.407156e-02   
2.289016e-03   2.020059e+00   2.334114e+00   8.407665e+00   3.373825e-02   
2.306903e-03   2.020521e+00   2.334753e+00   8.393215e+00   3.349872e-02   
2.324790e-03   2.020920e+00   2.335331e+00   8.378960e+00   3.326242e-02   
2.342677e-03   2.021258e+00   2.335871e+00   8.365034e+00   3.302653e-02   
2.360564e-03   2.021537e+00   2.336185e+00   8.355166e+00   3.271805e-02   
2.378451e-03   2.021758e+00   2.336529e+00   8.340826e+00   3.250420e-02   
2.396339e-03   2.021925e+00   2.336759e+00   8.326906e+00   3.228859e-02   
2.414226e-03   2.022037e+00   2.336892e+00   8.317502e+00   3.199243e-02   
2.432113e-03   2.022098e+00   2.337005e+00   8.303193e+00   3.179722e-02   
2.450000e-03   2.022110e+00   2.337066e+00   8.289310e+00   3.159982e-02   
