#Time[sec]		   #Sensitivity[erg cm-2 s-1]
29.053314892855678 1.3015173370995735e-10
24.121579651036235 1.4963648052124698e-10
40.10805463333499 9.601196313296953e-11
47.712870744156994 9.12450314574551e-11
59.646296485258254 7.836057226779972e-11
75.4948653257767 6.39732016516381e-11
94.37682223066331 5.779156854813491e-11
119.45361076927311 4.962985327984721e-11
151.19353235842362 4.2620790514235873e-11
191.36704265198992 3.660159488716462e-11
239.22969181068348 3.1433184639864074e-11
302.79521830225224 2.8395198882654e-11
378.52707421479914 2.4385591177534176e-11
479.1051946883138 2.2028748257312118e-11
598.9337896526823 1.891812948293143e-11
758.0759989023239 1.6246383584225034e-11
959.5037549058784 1.4676186911487882e-11
1199.4844273930676 1.2603803042466042e-11
1518.1984572803628 1.138565812433603e-11
1909.719045698931 9.777809702254125e-12
2402.206915714017 8.83289451858829e-12
3040.4953580194433 7.585453553294372e-12
3800.9510800330113 6.597272647846996e-12
4810.898694571573 5.88472887383552e-12
6070.348776678413 5.118019536622646e-12
7612.16299455455 4.565321463673514e-12
9634.784621603285 4.124087724788012e-12
12194.835393184525 3.725498784057458e-12
15244.875357659826 3.1994313776729318e-12
19295.578767731684 2.782568180331637e-12
24121.579651036187 2.4820910280137863e-12
30625.710715423153 2.2421866883814355e-12
34136.079754449536 2.131117688862139e-12
